2.519862791207130613e+03 3.596673986906318987e+01 -1.051712549075444940e+02 3.096262987520703844e-05 6.497313155048798077e-05
1.322062414253649877e+03 -7.321141398717989546e+01 -1.589468751576633281e+02 5.114366981021869118e-05 -2.359758187166421191e-05
1.873997307071234445e+03 1.149797397430005788e+02 1.873413973525148535e+01 8.549228200667643442e-05 -4.898930338241418994e-05
8.826689497647207645e+02 -9.390093492920055951e+01 -9.156679195455089015e+00 2.307965124837776277e-05 9.195932911465025123e-05
2.030593079029578121e+03 1.243887969214459162e+02 -2.215273928374451486e+02 1.801580640274622384e-05 -7.790657243864989006e-05
2.023992733386313830e+03 3.423445290928286227e+02 -1.208959245223468741e+02 4.427599118847025481e-06 6.264145024797289644e-05
2.899332762493958398e+03 7.620275758876999816e+01 -1.774890117863967589e+02 -5.109456043141107914e-05 9.506813543950382863e-05
-5.997323795673264613e+02 -1.115188750431513824e+02 -1.677976238068328882e+02 6.462203887286486657e-05 5.110565140387053401e-06
7.186669668438626104e+02 1.192602190927645580e+02 -1.224228058785303830e+02 -4.673265804508306342e-05 4.236081760532036864e-05
3.635249760199635148e+03 -3.426791837133317244e+02 -5.126740768175574914e+01 3.562786538818770766e-05 -9.097638508496981623e-06
2.602145619506045477e+03 1.071229455009184051e+02 -1.327290926542180216e+02 -3.669347635958324463e-05 -3.691296003959032102e-05
3.621880693847767361e+03 -2.471799127533509832e+01 -5.764977245401178152e+01 -8.971656524715281478e-06 9.702333451087261074e-05
1.400755405994141256e+03 -6.909257760525690628e+00 -1.465770264636818077e+01 -9.098408943437113149e-05 -2.201884956429604712e-05
2.267806431539644564e+03 4.431921379254285966e+02 -1.372389641394954651e+02 -8.346034448887757265e-06 8.956601723694527226e-05
2.677283838038882095e+03 1.449317071257410703e+02 -5.091848815838135351e+02 5.426053196974212729e-05 -9.843399364436502803e-05
1.574634968762807148e+03 -3.113552670103618425e+02 -3.940739770716393764e+01 -5.482079521004212943e-05 4.332917840439735261e-05
2.975165282025544911e+03 6.570742592097870727e+01 2.315299650762324006e+02 8.913682392190145731e-06 2.861689391325535992e-05
1.079994473690416498e+03 2.086068011968974645e+02 1.386587931819416895e+02 -9.237313152526836952e-05 1.786328964564510300e-05
4.971331882409780519e+03 -5.124249622860797899e+02 3.017698462174155907e+02 7.598748696797495304e-05 3.975423980295913248e-05
2.616411490194037015e+03 -2.829058045628277682e+02 -2.392126308771027254e+02 -2.160439155315919089e-05 -6.463405187627296270e-05
1.303581912114585748e+03 4.261884484945803706e+02 -3.115159826767646134e+00 -1.402397560813763643e-05 3.244971204365309809e-05
1.257570622252791964e+03 -1.808910492639950007e+02 -5.363979755499232738e+01 -4.370870992455475962e-05 2.348629215124924954e-05
1.777289970845439711e+03 -3.074024004324066439e+01 -4.307247979041656549e+01 2.362559738056724593e-05 -3.239444455720967705e-05
2.234015332746195327e+03 -2.018242266717664677e+02 -1.441209421890280566e+02 -9.300183666592505810e-05 3.577161972695654037e-05
1.948834054485991828e+03 2.566624331939727313e+02 1.540642567918510863e+01 -6.282879990014449600e-05 -3.636998931148770187e-05
3.637646726110918735e+03 -3.957448974670263055e+02 -1.906860606284680557e+02 3.609455914766286015e-05 3.362175855214619461e-05
3.074480122831195331e+03 1.624878124726139959e+02 3.353116932483568036e+01 -2.813496168216415806e-05 -3.219171107331493900e-06
2.080637652444988362e+03 5.621331020998353267e+01 1.064132532676256488e+02 -6.067540608262157395e-06 3.599311084396744696e-06
-6.595381012759439727e+02 2.081703727229254639e+02 -1.204747183760008937e+02 9.565630920491814649e-05 5.882087136590743038e-05
1.947914069819508086e+03 -9.497673429740390816e+01 -2.104496504307115288e+02 8.466038980732131522e-06 6.501952151792370364e-05
2.464240763676620645e+03 -1.358821003807474170e+01 2.465641054489038808e+01 2.635554683784733013e-05 -8.666296886937503296e-05
2.773682898828520592e+03 -2.400981817317154139e+02 -1.908973035687188258e+02 9.289860067320607087e-05 -7.185271024848818551e-05
9.507248366055239330e+02 2.073052421008224826e+02 1.240584072478463611e+02 6.645069502474523770e-06 8.281065348312621527e-05
1.301247130370692048e+03 -8.524888642807432859e+01 -1.578300265305607653e+01 -2.418248547708689612e-06 9.914223070074964876e-05
3.833186114551926948e+03 2.029408121381205206e+02 -2.474798754589152452e+02 5.172290260911097863e-05 -2.127561216868218948e-05
1.106044657353472758e+03 -3.682135032564497124e+01 -9.226418630794724152e+01 7.782514152897920432e-05 -5.586336333050321304e-05
2.710290394238786575e+03 6.446515878822648915e+01 -2.082378157555755251e+02 4.395678618722985746e-05 3.046435338524096294e-05
1.494729721417642395e+03 8.650153353116463961e+01 -2.224479147345664103e+02 -4.750428018433081918e-05 9.270342875937100785e-05
1.726943178061062781e+03 -2.323592779927259357e+02 -8.507254457987730945e+00 1.391465358467221226e-05 7.622834564597538579e-05
2.400592267962771530e+03 -1.410520715668826597e+02 1.845683365811837291e+02 -3.411093007398725157e-05 5.868557028930659403e-05
8.427534213731114505e+02 5.756595559553078090e+01 -6.922256116346483168e+01 -9.688476259803551730e-05 1.196601909924341377e-05
6.265089009674693443e+01 -2.017837705114355984e+01 1.057822316295438725e+02 -1.378030613373659946e-05 -9.404013943005457975e-05
4.951349804339185994e+02 -7.561468937198222307e+01 1.121017576422611342e+02 -5.918789099471580018e-05 4.707654166972496457e-05
3.060238531480163147e+03 8.739325792032913398e+01 -9.430136407171171697e+01 -6.895917611583329008e-05 6.480985210099774851e-05
3.776000710555160367e+03 -1.534892928982228284e+02 -2.613537523157957594e+02 -3.892866909658559559e-05 7.434982345697051470e-05
1.692933619315944270e+03 -1.814953305426450925e+02 -9.335742709673421302e+01 -5.046543660036669187e-05 -5.343106884510010943e-06
1.128388110569741457e+03 -1.375087870172349547e+01 -1.787091832267194746e+01 9.284650538280243219e-05 -1.795024876412160933e-05
1.570104481459767158e+03 2.164277064933975225e+01 2.371665027665310959e+02 -4.969222591901423410e-05 6.042043487140107692e-05
1.527769397752948862e+03 -4.204786249902969644e+02 8.087514788711270342e+01 1.209326153138265837e-05 -5.868284932930441483e-05
2.774844606180277879e+03 5.334100256936791311e+02 2.661986414900637783e+02 -1.604784619499188868e-05 9.883451615663969641e-05
3.144221906007558118e+02 9.620847003548288967e+01 -3.133514111293627025e+02 4.354291202850940677e-05 -5.528962366129988202e-05
2.313426768577602616e+03 1.355445473395117517e+02 1.150808173346860315e+02 9.814160474959196425e-05 6.482864293440907769e-05
2.928774924244713020e+03 1.500265506655294701e+02 7.014526270324445534e+01 -1.010392546818878628e-05 1.195453259759795617e-05
2.543793042322964538e+03 6.509302181410305366e+01 2.959076647033091945e+02 8.819813652775715612e-05 4.252163606117965978e-05
2.831300259519326573e+03 2.362306949745299960e+02 2.389172527202920264e+02 -5.081694414595923175e-05 -4.343721099339339529e-05
3.360251010341254641e+03 2.608601040541390148e+02 1.576200591581979324e+02 1.401202500902081524e-05 7.859625586219706154e-05
1.522207167966568932e+03 1.067010841569091610e+02 2.486244021970984761e+02 5.495951591993649256e-05 5.609290912912514909e-05
3.470615866024229490e+02 1.961652265318679156e+01 -2.609884994911676870e+01 -6.570641434854700700e-05 -5.517178398094922149e-05
2.898324536577390518e+03 8.655144298049016527e+01 -5.327209875031684305e+01 4.679463592627558651e-05 -5.292093394996357826e-05
7.760342770804904831e+02 5.829324172568286144e+01 1.658201065099740958e+02 -4.132548289005499756e-05 6.391925231358172599e-05
5.108622887719163828e+02 1.451994034851903734e+02 8.636218345265760377e+01 5.114325515892078808e-06 -9.419725859013960978e-05
1.549001146122487171e+03 2.143676719049631174e+01 1.939651447680428120e+01 6.502400208297728381e-05 1.354559069087272712e-05
1.558017136212118203e+03 -6.789356145094366468e+01 2.047957446993875976e+02 2.822171612277293807e-06 -7.587747879178290546e-05
1.678061650231380554e+03 1.092712937681109935e+02 3.008261622638922290e+02 -7.277858998540874015e-05 6.016123380460281671e-05
1.261205006934088260e+03 2.071724478007160144e+02 -1.919758140918017091e+02 2.410247036426303561e-05 2.537193794203804100e-05
2.757897573214142085e+03 -3.955347974776855153e+02 -1.975639763328231311e+02 -1.324201352490785748e-05 9.365570080606366290e-05
2.141056049933188206e+03 3.320409849546107495e+01 -5.566040025691635407e+01 -9.941312227077113623e-05 -4.985893858994921367e-05
2.343799092862075213e+03 -1.395742426308102040e+02 4.992405288957733092e+02 -1.517733728741564223e-05 7.444530845865779585e-05
7.649078058726643121e+02 2.551814876252933573e+02 -1.752667244576218479e+02 6.060195965560545410e-05 -6.833100676463271133e-05
7.627746207496336410e+02 -2.420742534119232516e+02 2.059702413539148438e+02 1.090108745795210425e-06 -2.810170310093387293e-05
2.089469257272332925e+02 -6.801796162773385390e+01 1.962940464086328234e+02 1.635880164950522246e-05 -3.042976493985917897e-05
1.494859500014587184e+03 3.848203792578737534e+02 -1.505608426352514186e+02 1.294284879408251769e-05 4.202378480796594318e-05
2.484293952018885648e+03 -2.121464842627916312e+02 7.448078501003502216e-01 9.035635205338151028e-05 -2.116028473418912845e-06
4.219363292243871911e+03 -1.696883024524968420e+01 8.566503120521836934e+00 -6.452275554500801712e-05 8.759157040164819170e-05
2.001830414097003768e+03 -4.740093728738452938e+01 2.445263993006337842e+02 -1.662527488737624605e-05 -3.808309249953120874e-06
3.514963133279148224e+03 1.390116453641158145e+01 -1.262686593011982836e+02 3.565383585207553409e-06 1.031931765959796061e-06
7.614823715641032322e+02 -1.189732275922791018e+02 -1.667396988214862574e+02 5.079730042937333613e-05 -9.948830983600158873e-05
4.475085060727830751e+03 6.773346010712951681e+01 -1.425177557929264651e+02 6.246243319099234026e-05 -5.959422749593646241e-05
2.382296453422376999e+03 2.129758024425452589e+01 -1.202815916436099108e+01 -4.117699007075061729e-05 -8.949462483002082003e-05
1.257689383652874767e+03 -4.454428278627970172e+01 9.879774836834958762e+01 2.547967410784707568e-05 -3.991798444802714316e-05
3.163292112372459997e+03 -6.218336443814820313e+01 -3.352217102170582166e+02 -1.750661983726895931e-05 3.955764617746307355e-05
8.022005632009174860e+02 -1.342943190459428422e+02 -4.540790501225927756e+01 -3.684386461271635578e-05 1.625683456599376093e-05
1.105486067935626124e+03 3.189092188095638107e+02 -3.945891766206140119e+02 -3.826084270270877830e-05 1.682114401711022915e-05
3.333673974237262883e+01 -1.111566060872351187e+02 1.502001339794097703e+02 6.480527254314353083e-05 -7.050193256570736345e-05
2.708333262084359376e+03 -2.798217631775547716e+02 1.419063708793502201e+02 4.266804084713327137e-05 -3.683083621398352615e-05
1.893161616233474888e+03 3.285342951863223249e+01 -6.343284289389098163e+00 -9.363195967089202765e-05 -2.587174046381240022e-05
2.157272158795945415e+03 -4.020450429815520579e+02 2.708908947571914609e+02 2.510580536968757702e-05 2.311291566462355632e-05
3.627577661510961661e+03 -2.505081157634326772e+01 8.824190941793609966e+01 8.130205559663633249e-05 -1.526342659430681478e-06
2.460298035857099876e+03 1.396181112873721020e+02 5.780855105406889294e+01 5.453327053283256009e-05 -9.103617139692937819e-05
6.562767042857831257e+02 -7.742585024255870962e+01 -1.119700799494879391e+02 8.391525298459720473e-05 6.809904019089561453e-05
1.538450458566247335e+03 1.378529527913411243e+02 2.099574321347489558e+02 4.582568294849233054e-05 -9.098661036771992102e-06
2.630553001863213467e+03 -3.801228882634696049e+00 2.658391900771525798e+02 -9.579315897070226618e-05 -9.025718701524958632e-08
1.560862453918588471e+03 2.326547751044946324e+02 -3.953018375829125119e+01 -2.085014610467607885e-05 8.743050529313660488e-05
2.600095084643684459e+03 -2.019266765050485617e+02 2.958836675318059406e+01 -7.626022254986962413e-05 7.422367442655871891e-05
1.309207555227322700e+03 -4.370649737879195840e+01 2.238918004894340186e+01 2.218153517059621679e-05 -8.234240708528093602e-05
1.667405080821716638e+03 7.546412916715726737e+01 -8.783259401033389224e+01 2.088747948992934755e-05 -7.532138589195287899e-05
9.998932363743515452e+02 -4.318908462293602923e+01 3.585729372564495634e+02 6.986538430105706458e-05 4.312010790859738881e-05
3.602094201955711014e+03 1.466033046347479853e+02 5.624600417465715196e+01 8.396151848979626806e-05 -6.820818900571751155e-05
1.919441992138506066e+03 2.415044998510119569e+02 -1.474926489590764618e+02 6.132953731138831622e-05 -3.248109026390311215e-05
2.894171166062086741e+03 -2.142305345026397561e+02 1.802602866215786719e+02 7.216214159197567059e-05 3.374293955597208944e-05
